NO_OF_SAMPLES	254
FREQUENCY	200
TIME_STAMP	2022-09-29, 11:43:32	9245.71777628
FIRST_SAMPLE	4364
DESCRIPTION	Force data in local (force plate) coordinates
DATA_INCLUDED	Force
FORCE_PLATE_TYPE	Amti
FORCE_PLATE_MODEL	Unknown
FORCE_PLATE_NAME	Force-plate 1
FORCE_PLATE_CORNER_POSX_POSY_X	-88.329201
FORCE_PLATE_CORNER_POSX_POSY_Y	573.721008
FORCE_PLATE_CORNER_POSX_POSY_Z	0.000000
FORCE_PLATE_CORNER_NEGX_POSY_X	-89.185501
FORCE_PLATE_CORNER_NEGX_POSY_Y	115.864998
FORCE_PLATE_CORNER_NEGX_POSY_Z	0.000000
FORCE_PLATE_CORNER_NEGX_NEGY_X	-592.245972
FORCE_PLATE_CORNER_NEGX_NEGY_Y	113.574997
FORCE_PLATE_CORNER_NEGX_NEGY_Z	0.000000
FORCE_PLATE_CORNER_POSX_NEGY_X	-594.474976
FORCE_PLATE_CORNER_POSX_NEGY_Y	572.864990
FORCE_PLATE_CORNER_POSX_NEGY_Z	0.000000
FORCE_PLATE_LENGTH	508.000000
FORCE_PLATE_WIDTH	463.550000
Sample	Time	Force_X	Force_Y	Force_Z	Moment_X	Moment_Y	Moment_Z	COP_X	COP_Y	COP_Z
4364	21.81500	1.499709	6.268357	5.132530	1.198493	0.804708	-1.564056	-168.805706	183.347711	0.000000	
4365	21.82000	1.385608	6.382423	5.131151	1.199337	0.768390	-1.591311	-160.869972	182.658759	0.000000	
4366	21.82500	1.589506	6.451843	5.043562	1.226762	0.787067	-1.623728	-169.006067	190.719251	0.000000	
4367	21.83000	1.589119	6.611748	4.952970	1.218853	0.714649	-1.655617	0.000000	0.000000	0.000000	
4368	21.83500	1.748329	6.475087	5.219302	1.183337	0.705677	-1.710938	-148.962497	175.777811	0.000000	
4369	21.84000	1.816090	6.612316	4.954266	1.201271	0.714942	-1.701777	0.000000	0.000000	0.000000	
4370	21.84500	1.814677	6.750018	4.867984	1.246761	0.787792	-1.747750	0.000000	0.000000	0.000000	
4371	21.85000	1.838661	6.543789	5.132203	1.165726	0.714812	-1.752283	-153.982798	174.795301	0.000000	
4372	21.85500	1.793072	6.635208	5.220789	1.192830	0.723936	-1.738463	-152.765592	176.300221	0.000000	
4373	21.86000	1.815404	6.726860	5.131422	1.211328	0.706035	-1.752199	-152.111628	182.259751	0.000000	
4374	21.86500	1.106032	11.167689	10.506531	0.425256	0.986861	-2.009055	-98.356278	-3.253842	0.000000	
4375	21.87000	-1.278633	32.289618	122.191908	-19.525631	5.427642	-2.831230	-44.146404	-171.086140	0.000000	
4376	21.87500	-2.855238	70.043709	684.307313	-119.852947	26.041447	-6.982292	-38.038130	-179.860909	0.000000	
4377	21.88000	-41.381619	43.054383	538.765951	-92.819770	22.903317	-10.426962	-39.543565	-176.086608	0.000000	
4378	21.88500	-46.148569	17.211010	490.607247	-84.622109	21.309837	-9.539539	-39.767656	-174.468028	0.000000	
4379	21.89000	-43.387648	14.344923	523.421472	-89.978877	22.289068	-9.401449	-39.369164	-173.577094	0.000000	
4380	21.89500	-32.072429	24.065905	483.466360	-81.713199	19.916604	-7.601501	-38.653518	-171.595780	0.000000	
4381	21.90000	-23.065531	25.109339	423.880500	-69.561319	16.427619	-5.583954	-36.697658	-167.070648	0.000000	
4382	21.90500	-12.994589	26.701435	426.539061	-67.068375	14.844403	-3.602782	-33.717047	-160.339813	0.000000	
4383	21.91000	0.992454	35.508509	457.869697	-68.778824	14.185577	-1.543993	-31.222123	-153.923368	0.000000	
4384	21.91500	12.919248	45.396015	473.601604	-68.000876	13.303725	-0.370539	-29.350854	-148.034265	0.000000	
4385	21.92000	27.403467	58.490311	506.888678	-68.731497	12.926130	0.550048	-27.849036	-140.840208	0.000000	
4386	21.92500	36.682854	75.319722	556.578184	-71.389813	13.392776	0.792929	-26.891924	-134.320588	0.000000	
4387	21.93000	33.779916	86.138609	599.086035	-73.013633	14.372114	0.040680	-26.432551	-128.273542	0.000000	
4388	21.93500	28.028194	90.712797	645.299069	-75.287942	15.551671	-0.665629	-26.016415	-122.939584	0.000000	
4389	21.94000	25.671724	92.825949	690.724298	-77.778669	16.834251	-1.212631	-26.033780	-118.621474	0.000000	
4390	21.94500	28.443885	90.338709	737.288406	-80.402208	17.852563	-1.746225	-25.933085	-114.586470	0.000000	
4391	21.95000	26.417046	87.548796	767.709822	-80.784204	18.577199	-2.358760	-25.748160	-110.417970	0.000000	
4392	21.95500	23.788025	85.803763	788.045147	-79.316907	18.836062	-2.480756	-25.280660	-105.631197	0.000000	
4393	21.96000	28.991664	84.052856	807.581217	-77.514684	18.563763	-1.897104	-24.597307	-100.769720	0.000000	
4394	21.96500	34.713519	83.197410	824.095668	-75.332745	18.204797	-1.267967	-23.953851	-96.071709	0.000000	
4395	21.97000	35.532206	81.636087	835.781514	-72.394292	17.937906	-1.180082	-23.341513	-91.144566	0.000000	
4396	21.97500	36.766533	78.516306	849.880987	-70.109376	17.865766	-1.157315	-22.930911	-86.804151	0.000000	
4397	21.98000	39.784936	73.818499	868.160945	-68.378732	17.791254	-1.036363	-22.506669	-82.774939	0.000000	
4398	21.98500	42.686095	70.264787	887.144343	-66.453067	17.582256	-1.052378	-21.925558	-78.682325	0.000000	
4399	21.99000	45.021265	69.123279	898.204108	-63.281315	17.175672	-1.429924	-21.310389	-74.137543	0.000000	
4400	21.99500	46.344812	68.742370	903.385857	-59.392462	16.611634	-1.980630	-20.624172	-69.393623	0.000000	
4401	22.00000	47.218016	66.508359	907.766711	-55.778820	16.063470	-2.485573	-19.960585	-64.980672	0.000000	
4402	22.00500	48.851942	62.898556	914.729643	-52.730347	15.493187	-2.757555	-19.258908	-60.997365	0.000000	
4403	22.01000	51.990501	59.880547	922.244179	-49.956791	14.976206	-2.778308	-18.680876	-57.364596	0.000000	
4404	22.01500	55.537294	56.979856	928.863747	-46.983894	14.343783	-2.781311	-18.023060	-53.632363	0.000000	
4405	22.02000	57.921251	53.666809	933.618015	-44.001709	13.792076	-2.929879	-17.444830	-50.023746	0.000000	
4406	22.02500	58.640241	50.259525	935.092318	-41.020283	13.401848	-3.204732	-17.031480	-46.609391	0.000000	
4407	22.03000	58.631615	46.529182	935.238699	-38.202993	13.045827	-3.478459	-16.647790	-43.427811	0.000000	
4408	22.03500	58.169058	42.499259	934.593061	-35.488349	12.833143	-3.655352	-16.411515	-40.377670	0.000000	
4409	22.04000	58.142408	37.530057	932.091019	-33.068157	12.609841	-3.662943	-16.214427	-37.671512	0.000000	
4410	22.04500	58.259640	31.092871	930.579394	-31.205136	12.536059	-3.510357	-16.166349	-35.448849	0.000000	
4411	22.05000	57.130232	22.866570	928.010431	-29.870718	12.592854	-3.365621	-16.222451	-33.747473	0.000000	
4412	22.05500	56.755633	13.906465	924.122857	-28.849691	12.711437	-2.996903	-16.401911	-32.388438	0.000000	
4413	22.06000	53.045314	0.983289	919.078323	-28.486578	13.084168	-2.680591	-16.732687	-31.596975	0.000000	
4414	22.06500	49.096202	-9.289938	910.230958	-27.991513	13.439972	-2.614402	-17.108530	-30.896382	0.000000	
4415	22.07000	45.328933	-13.162596	901.319851	-27.008194	13.899297	-3.247171	-17.616027	-29.930838	0.000000	
4416	22.07500	39.661996	-20.285052	889.637039	-26.198768	14.246217	-3.397107	-17.976605	-29.081554	0.000000	
4417	22.08000	34.628562	-27.656262	874.139782	-25.354358	14.531834	-3.621138	-18.385478	-28.278749	0.000000	
4418	22.08500	30.688849	-34.432531	858.822325	-24.466470	14.718977	-3.621300	-18.742267	-27.418845	0.000000	
4419	22.09000	27.838576	-40.088074	841.025453	-23.524775	14.754006	-3.516250	-19.039651	-26.594414	0.000000	
4420	22.09500	25.830802	-45.788640	822.788180	-22.665353	14.726170	-3.366177	-19.325351	-25.845583	0.000000	
4421	22.10000	23.711554	-52.471639	802.946909	-21.827044	14.616854	-3.110803	-19.555787	-25.088354	0.000000	
4422	22.10500	20.977136	-59.087679	781.952180	-21.007083	14.515781	-2.863619	-19.805468	-24.354706	0.000000	
4423	22.11000	18.764486	-65.291913	759.361442	-20.204797	14.288726	-2.616493	-19.972787	-23.674264	0.000000	
4424	22.11500	16.210653	-71.725743	735.706726	-19.440071	14.088223	-2.341412	-20.196545	-23.022858	0.000000	
4425	22.12000	13.359840	-78.593097	709.118613	-18.604833	13.825070	-2.043090	-20.413714	-22.293959	0.000000	
4426	22.12500	10.462372	-85.392861	680.847888	-17.842524	13.543466	-1.758114	-20.668570	-21.671192	0.000000	
4427	22.13000	7.948320	-91.209653	650.806179	-17.024864	13.181407	-1.486565	-20.902395	-21.026369	0.000000	
4428	22.13500	5.590669	-96.067170	618.901429	-16.196254	12.647780	-1.241708	-20.955136	-20.423876	0.000000	
4429	22.14000	3.662435	-99.782666	585.586095	-15.340596	12.123769	-0.946080	-21.110065	-19.835150	0.000000	
4430	22.14500	2.048178	-102.377741	550.677994	-14.410379	11.546626	-0.737208	-21.271479	-19.176483	0.000000	
4431	22.15000	0.476639	-103.921935	514.794419	-13.414762	10.861355	-0.550491	-21.288437	-18.418384	0.000000	
4432	22.15500	-0.665564	-104.483363	478.028080	-12.408169	10.104340	-0.413981	-21.233397	-17.638589	0.000000	
4433	22.16000	-1.220100	-103.559435	440.382747	-11.363317	9.302955	-0.304678	-21.164580	-16.811236	0.000000	
4434	22.16500	-1.480857	-101.380341	403.280151	-10.388753	8.519121	-0.222354	-21.127835	-16.109357	0.000000	
4435	22.17000	-1.516837	-98.057477	366.973647	-9.283383	7.618735	-0.231469	-20.745511	-15.003483	0.000000	
4436	22.17500	-1.507924	-94.027358	332.449398	-8.221539	6.817217	-0.281655	-20.474208	-13.801885	0.000000	
4437	22.18000	-1.364548	-88.901308	298.374361	-7.166352	5.997429	-0.372553	-20.067009	-12.475578	0.000000	
4438	22.18500	-1.406317	-82.838942	263.682880	-6.046410	5.214031	-0.508558	-19.709657	-10.729879	0.000000	
4439	22.19000	-1.359916	-75.816354	229.082129	-4.833583	4.413246	-0.708416	-19.176205	-8.216894	0.000000	
4440	22.19500	-1.635121	-67.973050	193.338886	-3.639009	3.756671	-0.930278	-19.239410	-5.101656	0.000000	
4441	22.20000	-2.277139	-58.463758	157.777909	-2.369562	3.081492	-1.132258	-19.096797	-0.527615	0.000000	
4442	22.20500	-2.850125	-47.746025	127.022513	-1.214605	2.612595	-1.370673	-19.809063	5.145546	0.000000	
4443	22.21000	-2.805791	-35.157973	102.936169	-0.218285	2.222887	-1.530960	-20.640159	11.192576	0.000000	
4444	22.21500	-3.219391	-28.558171	85.217712	0.164972	1.891562	-1.593345	-20.814857	14.987858	0.000000	
4445	22.22000	-1.827693	-26.979372	64.116869	0.204054	1.489672	-1.646844	-22.228350	19.713716	0.000000	
4446	22.22500	0.345340	-25.857370	47.628223	0.231269	1.123574	-1.394655	-24.037386	26.346592	0.000000	
4447	22.23000	2.830323	-21.993320	34.790274	0.331254	0.821196	-1.453561	-27.060741	34.637936	0.000000	
4448	22.23500	3.977760	-18.475824	25.854995	0.385329	0.705846	-1.405889	-33.701090	43.367595	0.000000	
4449	22.24000	3.859173	-8.270408	19.607555	0.573193	0.606360	-1.724063	-39.070997	45.805597	0.000000	
4450	22.24500	4.398796	-4.274143	16.075572	0.897177	0.562710	-1.300019	-46.269937	66.049685	0.000000	
4451	22.25000	3.748643	-0.530178	13.078219	0.941680	0.562363	-1.631355	-54.793836	73.091380	0.000000	
4452	22.25500	2.807480	2.093913	9.542414	1.070333	0.625264	-1.651229	-77.626415	102.694900	0.000000	
4453	22.26000	1.960672	4.601931	7.071845	1.080278	0.641638	-1.542613	-102.144162	125.769234	0.000000	
4454	22.26500	1.592675	5.697946	6.632592	1.137363	0.668759	-1.656191	-110.734399	136.030764	0.000000	
4455	22.27000	1.820801	5.698216	6.277919	1.163136	0.660067	-1.569307	-117.072958	147.851033	0.000000	
4456	22.27500	1.843007	5.880808	6.278202	1.137042	0.623739	-1.610410	-111.425035	142.506916	0.000000	
4457	22.28000	1.752709	5.720560	6.722239	1.118598	0.659621	-1.601277	-108.867182	131.281129	0.000000	
4458	22.28500	1.979617	5.560524	5.040584	1.071453	0.686958	-1.569368	-152.388605	167.202484	0.000000	
4459	22.29000	1.936077	5.560943	7.252482	1.118250	0.623517	-1.555737	-96.967483	122.487952	0.000000	
4460	22.29500	1.957121	5.561667	6.277355	1.145536	0.642175	-1.615417	-115.115243	145.944108	0.000000	
4461	22.30000	1.796969	5.721179	6.101666	1.136959	0.669109	-1.651811	-121.773634	147.695066	0.000000	
4462	22.30500	1.798104	5.697801	6.191652	1.144402	0.705106	-1.550938	-125.827279	146.895864	0.000000	
4463	22.31000	1.888709	5.812581	6.189002	1.163606	0.633029	-1.583040	-114.829654	149.308692	0.000000	
4464	22.31500	1.888445	5.949502	6.277354	1.146376	0.596704	-1.610403	-107.427349	143.568765	0.000000	
4465	22.32000	1.729031	5.880539	6.101622	1.136787	0.650759	-1.610280	-118.314837	146.607178	0.000000	
4466	22.32500	1.660624	5.857732	6.014112	1.163244	0.705150	-1.591966	-128.616097	153.301788	0.000000	
4467	22.33000	1.661327	5.857703	6.279740	1.189745	0.714227	-1.536983	-124.632200	151.013904	0.000000	
4468	22.33500	1.887992	5.926550	6.014209	1.136732	0.660042	-1.615053	-122.649256	148.426350	0.000000	
4469	22.34000	1.865262	5.812241	6.016028	1.127123	0.714270	-1.615160	-131.472836	147.555762	0.000000	
4470	22.34500	1.729417	5.926027	5.835176	1.154078	0.641724	-1.550587	-122.164685	155.973707	0.000000	
4471	22.35000	1.798383	5.811477	6.367695	1.091248	0.623227	-1.573605	-109.496170	133.746800	0.000000	
4472	22.35500	1.979437	5.812803	6.278060	1.146071	0.624045	-1.619836	-112.358805	144.388292	0.000000	
4473	22.36000	1.842918	5.835413	6.189292	1.163835	0.642057	-1.601333	-115.982471	149.188832	0.000000	
4474	22.36500	1.843078	5.834876	6.102876	1.127180	0.668897	-1.587524	-122.021655	145.306699	0.000000	
4475	22.37000	1.934223	5.812350	6.101708	1.136308	0.641940	-1.583053	-118.233801	146.980522	0.000000	
4476	22.37500	1.797807	5.766224	6.012814	1.118203	0.641648	-1.587450	-119.009391	146.462269	0.000000	
4477	22.38000	1.842403	5.880802	6.104306	1.136460	0.705239	-1.619683	-127.942041	146.487087	0.000000	
4478	22.38500	1.865580	5.812410	6.014160	1.154119	0.687264	-1.587639	-127.025257	152.089343	0.000000	
4479	22.39000	1.729053	5.835376	5.834066	1.199335	0.660257	-1.569119	-125.362110	164.392038	0.000000	
4480	22.39500	1.888649	5.789396	6.191940	1.136005	0.687119	-1.583078	-123.510385	144.932126	0.000000	
4481	22.40000	1.819694	5.994840	6.014337	1.136792	0.659915	-1.610325	-122.164310	147.972031	0.000000	
4482	22.40500	1.797475	5.721029	5.834590	1.154254	0.651038	-1.592137	-124.247093	157.446670	0.000000	
4483	22.41000	1.865774	5.812011	6.103848	1.118012	0.686975	-1.592167	-125.115023	143.933516	0.000000	
4484	22.41500	1.751802	5.789654	5.834399	1.181340	0.660195	-1.582915	-125.502699	161.616446	0.000000	
4485	22.42000	1.865133	5.880740	5.749493	1.136076	0.696228	-1.601313	-134.421652	155.495380	0.000000	
4486	22.42500	1.842681	5.949162	6.281627	1.136472	0.696092	-1.601282	-122.880434	141.896271	0.000000	
4487	22.43000	1.820120	5.880159	5.659876	1.099981	0.650608	-1.587346	-128.164323	151.593036	0.000000	
4488	22.43500	1.819899	5.926676	5.835436	1.181379	0.660225	-1.573731	-125.959480	160.640664	0.000000	
4489	22.44000	1.865346	5.949308	6.014403	1.145513	0.669076	-1.596680	-123.994549	149.727804	0.000000	
4490	22.44500	1.705939	5.834732	5.482866	1.144670	0.705136	-1.582782	-141.396515	164.992343	0.000000	
4491	22.45000	1.842363	5.858804	5.834046	1.217740	0.660612	-1.592235	-126.212156	167.384117	0.000000	
4492	22.45500	1.797037	5.949228	6.281168	1.145668	0.696125	-1.610417	-122.599470	143.370308	0.000000	
4493	22.46000	1.888232	5.812237	5.836971	1.127170	0.669046	-1.601345	-127.913060	152.107347	0.000000	
4494	22.46500	1.819909	5.948795	6.016935	1.117906	0.714022	-1.587450	-131.105663	145.079804	0.000000	
4495	22.47000	1.819617	5.789428	5.483540	1.153481	0.723479	-1.583008	-145.566086	166.914320	0.000000	
4496	22.47500	1.751443	5.812306	5.836393	1.154375	0.687195	-1.610419	-130.083500	156.783381	0.000000	
4497	22.48000	1.842342	5.857952	5.571366	1.145017	0.687242	-1.596699	-136.935320	162.255542	0.000000	
4498	22.48500	1.887271	5.880828	5.218473	1.135763	0.714468	-1.610499	-151.752091	171.314403	0.000000	
4499	22.49000	1.864601	5.949476	5.483399	1.154257	0.696418	-1.610454	-140.967955	165.874777	0.000000	
4500	22.49500	1.819493	5.994771	5.661074	1.145073	0.696181	-1.587414	-136.182919	158.703846	0.000000	
4501	22.50000	1.796998	5.857630	6.017185	1.126825	0.741275	-1.601306	-135.474728	147.171423	0.000000	
4502	22.50500	1.842123	5.948656	5.574940	1.090731	0.723020	-1.610347	-143.263671	151.752906	0.000000	
4503	22.51000	1.887827	5.949755	5.836160	1.181563	0.669411	-1.592174	-127.990550	160.491555	0.000000	
4504	22.51500	2.001582	5.995491	6.014636	1.163693	0.669407	-1.601453	-124.964730	152.432683	0.000000	
4505	22.52000	1.933188	5.995038	5.482191	1.136467	0.642033	-1.601226	-131.586887	162.328776	0.000000	
4506	22.52500	1.955472	5.949682	5.573512	1.154129	0.723691	-1.615209	-144.246775	163.159305	0.000000	
4507	22.53000	1.841945	5.972041	5.483589	1.136257	0.687187	-1.610361	-139.111829	162.419232	0.000000	
4508	22.53500	1.819829	5.949105	6.193278	1.136365	0.705124	-1.601256	-125.939719	143.911486	0.000000	
4509	22.54000	1.819064	5.994660	5.662922	1.118201	0.723212	-1.624113	-140.908761	153.907355	0.000000	
4510	22.54500	1.864522	5.994765	5.574077	1.118201	0.714239	-1.624153	-141.873817	156.368792	0.000000	
4511	22.55000	1.887798	5.881164	6.015066	1.163433	0.705507	-1.610610	-130.188998	153.150498	0.000000	
4512	22.55500	1.933353	5.949135	5.837877	1.100684	0.650826	-1.628768	-125.086261	146.594333	0.000000	
4513	22.56000	1.933084	5.926739	5.661214	1.154105	0.705517	-1.601411	-138.643542	160.783433	0.000000	
4514	22.56500	1.796412	5.926960	5.836885	1.190660	0.705622	-1.615082	-133.542486	162.188718	0.000000	
4515	22.57000	1.886992	5.972743	5.572186	1.181542	0.714779	-1.624321	-142.182586	167.949853	0.000000	
4516	22.57500	1.864462	6.155599	5.835750	1.218265	0.660579	-1.601235	-126.323585	165.359513	0.000000	
4517	22.58000	1.705321	5.949502	5.480853	1.181749	0.669275	-1.614847	-134.900784	170.967774	0.000000	
4518	22.58500	1.795543	6.063403	5.220341	1.145083	0.750606	-1.628673	-157.906766	171.617735	0.000000	
4519	22.59000	1.955615	5.995483	5.569950	1.155054	0.633217	-1.628822	-128.096727	163.096064	0.000000	
4520	22.59500	1.955895	5.926548	5.839723	1.127148	0.714391	-1.615185	-136.088431	151.236631	0.000000	
4521	22.60000	1.887003	6.018107	5.484724	1.163256	0.723662	-1.615080	-146.067065	166.967104	0.000000	
4522	22.60500	1.841863	5.994987	5.661479	1.145367	0.705335	-1.614992	-137.950537	158.742812	0.000000	
4523	22.61000	1.841987	6.017610	5.660476	1.118758	0.659901	-1.628630	-129.949324	153.907968	0.000000	
4524	22.61500	1.841220	5.995278	5.218095	1.163350	0.714634	-1.628767	-151.436523	175.722734	0.000000	
4525	22.62000	1.886939	5.926935	5.483279	1.154711	0.696553	-1.647214	-141.161146	166.128058	0.000000	
4526	22.62500	1.750909	6.109125	6.015416	1.163932	0.696212	-1.614845	-127.712045	151.685455	0.000000	
4527	22.63000	1.887065	6.109620	5.838883	1.181754	0.714672	-1.615070	-135.677350	159.337295	0.000000	
4528	22.63500	1.978370	5.972523	5.482690	1.145583	0.660323	-1.619702	-135.245448	164.143520	0.000000	
4529	22.64000	1.886984	5.995297	5.306561	1.163263	0.705597	-1.615056	-147.561721	172.767392	0.000000	
4530	22.64500	1.795784	5.995829	5.303093	1.218020	0.669727	-1.624168	-140.195542	183.202144	0.000000	
4531	22.65000	1.955614	5.995097	5.573547	1.136157	0.705423	-1.610529	-140.969236	159.602794	0.000000	
4532	22.65500	1.887012	5.812691	5.128885	1.153976	0.714694	-1.628931	-154.442188	178.407092	0.000000	
4533	22.66000	1.728700	6.063151	6.104944	1.163168	0.723220	-1.573588	-130.117624	149.633530	0.000000	
4534	22.66500	1.727320	5.995656	5.483130	1.217665	0.742013	-1.628780	-148.273627	177.104985	0.000000	
4535	22.67000	2.022725	6.133153	5.483466	1.191412	0.687954	-1.661076	-140.593956	171.287985	0.000000	
4536	22.67500	1.955873	5.926664	5.484438	1.153684	0.714578	-1.583081	-144.928318	165.907643	0.000000	
4537	22.68000	1.887566	5.995022	5.840233	1.153921	0.741579	-1.592188	-140.256786	155.331552	0.000000	
4538	22.68500	1.819572	5.835437	6.013254	1.154921	0.669216	-1.633431	-123.732212	152.090227	0.000000	
4539	22.69000	1.818424	6.063565	5.129641	1.154356	0.705463	-1.624062	-152.076829	176.468560	0.000000	
4540	22.69500	1.864742	5.881331	6.014151	1.164009	0.687460	-1.642679	-127.052449	153.268591	0.000000	
4541	22.70000	1.796563	6.017481	5.662114	1.136047	0.714194	-1.596553	-139.174865	156.917639	0.000000	
4542	22.70500	1.841349	6.086452	5.307280	1.163278	0.714545	-1.610354	-148.878390	172.049195	0.000000	
4543	22.71000	1.932151	6.018670	5.305270	1.190822	0.687818	-1.633484	-144.592051	177.825336	0.000000	
4544	22.71500	1.705969	5.835226	5.568546	1.181336	0.660173	-1.587388	-131.148881	169.026052	0.000000	
4545	22.72000	1.932577	5.995469	5.483238	1.163601	0.687557	-1.624286	-139.859631	167.242988	0.000000	
4546	22.72500	1.886403	6.063724	5.308911	1.145410	0.741717	-1.647146	-154.295650	168.804477	0.000000	
4547	22.73000	1.842012	5.926498	5.572092	1.145229	0.696307	-1.610431	-138.542074	161.772822	0.000000	
4548	22.73500	1.819397	5.948846	5.839713	1.100323	0.704967	-1.628690	-133.525503	146.488307	0.000000	
4549	22.74000	1.819038	6.018077	5.837482	1.163934	0.687348	-1.628739	-130.555866	156.959852	0.000000	
4550	22.74500	1.932509	5.927161	5.483855	1.181283	0.723908	-1.619828	-146.472017	170.954386	0.000000	
4551	22.75000	1.841094	5.927239	5.128018	1.199424	0.714956	-1.628877	-154.155538	186.392851	0.000000	
4552	22.75500	1.864103	6.018416	5.482554	1.181892	0.687623	-1.633392	-139.381861	170.430171	0.000000	
4553	22.76000	1.864992	5.926674	6.104504	1.154493	0.714437	-1.615139	-129.595072	149.131297	0.000000	
4554	22.76500	1.887106	5.994946	5.218724	1.135989	0.705385	-1.610406	-150.002924	170.461244	0.000000	
4555	22.77000	1.841834	5.995076	5.838729	1.145649	0.705343	-1.628775	-133.768494	153.954585	0.000000	
4556	22.77500	1.887264	5.926748	5.572737	1.154254	0.714566	-1.619712	-142.132197	163.371618	0.000000	
4557	22.78000	1.955533	5.926645	5.485275	1.135940	0.723569	-1.615183	-146.542856	162.647473	0.000000	
4558	22.78500	1.818274	6.018313	5.040079	1.190333	0.714815	-1.619579	-156.630798	187.117071	0.000000	
4559	22.79000	1.864328	5.995761	5.304181	1.217425	0.687836	-1.592159	-144.105810	183.052891	0.000000	
4560	22.79500	1.954946	5.927213	5.040361	1.181098	0.714960	-1.619807	-157.752056	186.008452	0.000000	
4561	22.80000	1.886753	5.995159	5.486601	1.145092	0.759772	-1.633467	-152.596923	163.769081	0.000000	
4562	22.80500	1.750175	5.972688	5.305204	1.199621	0.714788	-1.628740	-148.284358	179.838081	0.000000	
4563	22.81000	1.864198	5.950004	5.305174	1.199365	0.705854	-1.610538	-147.474172	179.964491	0.000000	
4564	22.81500	1.978132	5.995895	6.015965	1.190830	0.723961	-1.629084	-133.847072	156.907003	0.000000	
4565	22.82000	1.841868	5.949199	5.484598	1.136022	0.714342	-1.610414	-144.036975	162.515644	0.000000	
4566	22.82500	1.863759	6.109245	5.220610	1.154050	0.750735	-1.619570	-158.453980	172.969898	0.000000	
4567	22.83000	1.796220	5.995213	5.304968	1.181296	0.687467	-1.596588	-143.493426	176.219409	0.000000	
4568	22.83500	1.887274	5.881169	5.572087	1.154382	0.705554	-1.628910	-140.531518	163.745935	0.000000	
4569	22.84000	1.841030	6.109594	5.128429	1.181709	0.687597	-1.624088	-148.807948	181.479433	0.000000	
4570	22.84500	1.932616	5.926408	5.219786	1.117755	0.723448	-1.619683	-153.787186	167.466608	0.000000	
4571	22.85000	1.932677	5.972941	5.659610	1.190768	0.687739	-1.619780	-135.538674	166.975642	0.000000	
4572	22.85500	1.887008	5.949620	5.485482	1.162959	0.750831	-1.615165	-150.999920	167.396788	0.000000	
4573	22.86000	1.818406	6.063539	5.308436	1.154183	0.741634	-1.624127	-153.773454	170.473644	0.000000	
4574	22.86500	1.841920	5.880862	5.572965	1.145025	0.723482	-1.615089	-143.395889	162.043308	0.000000	
4575	22.87000	1.932351	5.950331	5.304393	1.208651	0.687945	-1.619800	-144.641466	181.739216	0.000000	
4576	22.87500	1.887272	5.949897	5.481547	1.181676	0.669527	-1.615089	-136.277876	170.929952	0.000000	
4577	22.88000	1.932989	5.972435	5.839105	1.154322	0.714549	-1.610585	-135.970526	155.587311	0.000000	
4578	22.88500	1.819235	5.949415	5.660119	1.154502	0.687289	-1.614987	-134.633061	160.722110	0.000000	
4579	22.89000	1.818290	6.064079	5.127049	1.190968	0.669575	-1.633261	-145.152851	183.694898	0.000000	
4580	22.89500	1.841892	5.950002	5.836163	1.199863	0.687651	-1.615119	-130.796164	163.625427	0.000000	
4581	22.90000	1.932844	5.949379	5.307819	1.144629	0.723570	-1.592192	-151.263677	169.566983	0.000000	
4582	22.90500	1.887093	5.995387	5.661093	1.163643	0.705577	-1.628855	-138.327297	161.979161	0.000000	
4583	22.91000	1.864250	5.949473	5.039296	1.145347	0.669304	-1.624128	-147.994431	178.774180	0.000000	
4584	22.91500	1.841671	5.972168	5.307313	1.153874	0.723533	-1.601251	-150.573392	171.150856	0.000000	
4585	22.92000	1.818803	5.880766	5.129541	1.135927	0.714424	-1.624168	-153.829662	174.326570	0.000000	
4586	22.92500	1.750320	5.995535	5.661161	1.208508	0.750971	-1.619643	-145.362740	169.901150	0.000000	
4587	22.93000	1.977248	6.110335	5.217280	1.217848	0.706170	-1.628960	-150.896699	185.300338	0.000000	
4588	22.93500	2.001248	5.972753	5.748558	1.163700	0.669493	-1.615213	-130.754297	159.676001	0.000000	
4589	22.94000	1.864657	5.949708	5.839080	1.181154	0.741801	-1.601421	-140.162983	160.341381	0.000000	
4590	22.94500	1.841509	5.949554	5.217495	1.163169	0.705562	-1.615019	-149.717325	176.064280	0.000000	
4591	22.95000	1.932521	5.995305	5.485026	1.154214	0.723672	-1.619728	-146.397951	165.478168	0.000000	
4592	22.95500	1.841345	5.995851	6.015129	1.200247	0.723904	-1.651866	-132.932569	158.494782	0.000000	
4593	22.96000	1.841783	5.995215	5.571552	1.163562	0.687393	-1.614994	-136.953776	164.578102	0.000000	
4594	22.96500	1.818645	6.109079	5.663515	1.145387	0.741492	-1.624109	-144.118773	157.870890	0.000000	
4595	22.97000	1.886820	5.995818	5.214950	1.199893	0.660674	-1.624234	-141.535624	182.832341	0.000000	
4596	22.97500	1.819514	5.995056	5.569624	1.163601	0.642052	-1.591956	-128.698076	164.643335	0.000000	
4597	22.98000	1.887524	6.017601	5.661815	1.118352	0.687077	-1.614960	-135.045120	153.799764	0.000000	
4598	22.98500	1.863615	6.132249	4.863250	1.163476	0.687521	-1.624044	0.000000	0.000000	0.000000	
4599	22.99000	1.954690	5.995760	5.130628	1.190025	0.751196	-1.619833	-162.039927	183.923440	0.000000	
4600	22.99500	1.932142	6.109535	5.218714	1.163416	0.705653	-1.619617	-150.405133	174.825288	0.000000	
4601	23.00000	1.932804	5.995177	5.663105	1.153929	0.741695	-1.601412	-144.983712	160.207695	0.000000	
4602	23.00500	1.931567	6.132737	5.129987	1.181810	0.714926	-1.647176	-154.806886	181.260682	0.000000	
4603	23.01000	1.818408	6.155175	5.216489	1.181903	0.669426	-1.619420	-142.639052	178.088849	0.000000	
4604	23.01500	1.887227	5.995486	5.660604	1.181505	0.705672	-1.610533	-138.356945	165.147979	0.000000	
4605	23.02000	1.886617	6.018293	5.308428	1.180997	0.760032	-1.615148	-157.761443	175.871372	0.000000	
4606	23.02500	1.727739	5.972504	5.571313	1.190660	0.714630	-1.624126	-141.017117	169.614492	0.000000	
4607	23.03000	2.020338	6.453254	5.043174	1.183897	0.715310	-1.775562	-158.260166	182.222981	0.000000	
4608	23.03500	2.012735	8.577402	4.873338	1.129304	0.588489	-2.145488	0.000000	0.000000	0.000000	
4609	23.04000	1.446789	8.642742	5.052129	1.081339	0.622936	-1.933557	-135.085008	143.997656	0.000000	
4610	23.04500	0.536954	8.093147	4.248431	1.071875	0.631039	-1.969371	0.000000	0.000000	0.000000	
4611	23.05000	1.560297	8.368863	4.964091	1.018535	0.622894	-2.011789	0.000000	0.000000	0.000000	
4612	23.05500	1.626595	8.575862	4.427783	1.083915	0.533283	-2.112649	0.000000	0.000000	0.000000	
4613	23.06000	2.124497	8.783121	1.771615	1.189726	0.607414	-2.044402	0.000000	0.000000	0.000000	
4614	23.06500	1.143591	9.762100	1.600324	1.128694	0.668870	-2.129555	0.000000	0.000000	0.000000	
4615	23.07000	1.378847	8.415050	5.583259	1.144189	0.686662	-1.929292	-133.168518	143.159204	0.000000	
4616	23.07500	0.694656	8.574452	6.380185	1.156126	0.722247	-2.093622	-117.776051	126.064115	0.000000	
4617	23.08000	1.081142	8.574833	4.606374	1.154422	0.659512	-2.015876	0.000000	0.000000	0.000000	
